$ANSIBLE_VAULT;1.1;AES256
30656661383031376235653466313634393231343233663239646136343362326665353237343838
6161346466623734373734313532366135616239333437320a343761343162393639306464376537
65363132646561336530646461396263393431366532643232323035316434373562613830613661
6331326462363961390a386464353432636137643266313239363634613464643433306439313866
30393232336531656238326361373262313532306639613235326334393266363433323637383832
32643830653934396535333134356630633863653531396163643135653030313666323266616636
66306337303530363036346338633233303933363338323665366131343134393639633337363163
30623862656262373839623566636533616330393738373438366365336261613533616239373630
34356465343232323737663836343765633463396261656232646336653064396466656163666665
61396332656437333261373638313639313137653636333130663563313266343365626166643462
63643332373332333336396632396136316536313561386337306637336465663033333035383931
30616465373230303735
